-0.364147 0.0815085 0.927768 -1.56063
5.05356e-18 0.996163 -0.0875173 1.85001
-0.931341 -0.0318692 -0.36275 0.308069

-0.304055 -0.156559 -0.939702 -0.675834
-8.43921e-18 0.986404 -0.16434 1.84232
0.952655 -0.0499684 -0.299921 0.248915

-0.663321 -0.00973654 0.748272 -1.53023
-1.15068e-18 0.999915 0.0130109 1.67981
-0.748335 0.00863043 -0.663265 1.12248

-0.137564 -0.10506 0.984905 -1.43437
-1.90909e-18 0.994359 0.106069 1.70161
-0.990493 0.0145913 -0.136788 0.815886

-0.406766 0.010892 -0.913468 -0.0453573
7.05626e-19 0.999929 0.011923 1.76614
0.913533 0.00484986 -0.406737 0.893904

-0.329709 0.0801615 0.940673 -1.31644
4.57563e-18 0.996389 -0.0849094 1.81482
-0.944083 -0.0279954 -0.328518 0.442744

0.682985 0.000639613 -0.730432 -1.25469
0 1 0.000875664 1.70306
0.730432 -0.000598065 0.682985 0.0331819

0.999002 0.0071972 -0.0440875 -1.24698
0 0.986936 0.161115 1.65345
0.0446711 -0.160954 0.98595 0.571591

-0.590258 -0.142041 -0.79462 0.0569546
-1.63829e-17 0.984397 -0.175964 1.80124
0.807215 -0.103864 -0.581048 0.782664

-0.372592 -0.0413763 -0.927072 -0.374308
0 0.999006 -0.0445868 1.73479
0.927995 -0.0166127 -0.372222 0.190186

-0.980568 -0.0190511 0.195251 -0.945967
0 0.995274 0.0971112 1.65423
-0.196178 0.0952242 -0.975934 0.989609

0.44903 0.0581486 -0.891622 -1.1099
-3.11577e-18 0.99788 0.0650783 1.73936
0.893517 -0.0292221 0.448078 0.365928

0.305495 0.12204 0.944341 -1.56243
-4.2396e-18 0.991753 -0.128167 1.82783
-0.952194 0.0391544 0.302976 0.043265

0.989473 -0.032041 0.141124 -1.79027
3.43292e-18 0.975182 0.221406 1.6701
-0.144716 -0.219075 0.964916 0.292617

0.638029 0.137971 -0.757551 -1.51847
1.77089e-17 0.983816 0.179181 1.71007
0.770012 -0.114323 0.627703 0.386051

0.974206 -0.029162 0.223766 -0.437819
-6.75992e-18 0.991615 0.12923 1.66077
-0.225659 -0.125897 0.966037 0.00820452

0.284857 0.0912143 0.95422 -1.59685
0 0.995462 -0.0951567 1.84036
-0.95857 0.027106 0.283564 0.0492502

-0.851612 0.149745 0.502328 -1.62399
0 0.958326 -0.285678 1.84697
-0.524173 -0.243287 -0.816121 0.540983

0.615882 -0.0966673 0.781885 -1.16061
-8.54708e-18 0.992444 0.122699 1.69117
-0.787838 -0.0755684 0.611229 0.309975

0.878176 0.00614892 0.478298 -1.52887
0 0.999917 -0.0128547 1.76462
-0.478338 0.0112887 0.878103 -0.00775661

0.808926 -0.145259 -0.569682 0.106006
2.24522e-17 0.968996 -0.247077 1.80693
0.58791 0.199867 0.783846 0.647708

0.726427 0.120818 -0.676541 -0.160547
-3.02436e-17 0.984426 0.1758 1.72758
0.687244 -0.127706 0.715113 0.250185

-0.248104 0.209345 0.945843 -1.76195
6.88628e-18 0.976371 -0.216102 1.81731
-0.968733 -0.0536159 -0.242242 0.44882

-0.100359 0.076168 0.992032 -1.65174
1.39275e-18 0.997065 -0.0765545 1.81836
-0.994951 -0.0076829 -0.100064 0.180437

-0.239843 -0.064585 -0.968661 -0.252122
0 0.997785 -0.0665268 1.78223
0.970812 -0.0159559 -0.239311 1.12682

-0.700259 0.0447252 0.712487 -1.31137
0 0.998036 -0.0626501 1.76564
-0.713889 -0.0438713 -0.698883 1.15344

-0.884597 -0.063819 -0.461968 -0.0217181
0 0.990592 -0.136846 1.81576
0.466355 -0.121054 -0.876275 0.630095

0.698421 0.0319964 -0.714972 -0.261912
-4.84627e-18 0.999 0.0447073 1.75242
0.715687 -0.0312245 0.697723 0.768049

0.968071 0.0018576 -0.250669 -0.0514829
-2.09917e-19 0.999973 0.00741035 1.79076
0.250676 -0.00717374 0.968044 -0.0541577

-0.926127 -0.178633 0.332234 -0.141891
0 0.880761 0.473561 1.7175
-0.377213 0.438577 -0.815696 0.203817

0.685781 -0.134287 0.715312 -1.39755
0 0.982831 0.184509 1.66559
-0.727808 -0.126533 0.674007 0.701288

-0.702568 0.000666145 -0.711616 -0.0429416
7.61726e-20 1 0.000936101 1.79735
0.711617 0.000657675 -0.702568 1.02418

0.694157 -0.149991 -0.704023 -0.268596
1.92667e-17 0.97805 -0.208372 1.82606
0.719823 0.144643 0.67892 0.189828

-0.989595 0.0223642 -0.142136 -1.48439
3.43335e-18 0.987847 0.155432 1.70132
0.143884 0.153814 -0.977568 1.12164

0.916356 -0.0186466 -0.39993 -0.27832
-3.17925e-18 0.998915 -0.0465741 1.69037
0.400364 0.0426784 0.915362 0.207759

0.722107 0.155829 0.674002 -1.24815
0 0.974299 -0.225258 1.84827
-0.691781 0.162661 0.703548 0.285054

-0.325514 0.000874122 -0.945537 -1.18998
-1.41169e-19 1 0.000924471 1.66504
0.945537 0.000300928 -0.325514 1.21048

0.758643 0.031279 0.650755 -1.25471
0 0.998847 -0.0480103 1.75065
-0.651507 0.0364227 0.757768 -0.0992883

0.720787 0.00455125 -0.693142 -0.553124
-6.25183e-19 0.999978 0.00656597 1.82774
0.693157 -0.00473267 0.720771 0.0336595

0.566239 0.00736191 0.824209 -1.46263
-4.91134e-19 0.99996 -0.00893174 1.7496
-0.824241 0.0050575 0.566216 -0.0842688

-0.3353 0.109287 -0.935751 -0.20274
4.65322e-18 0.993249 0.116003 1.69709
0.942111 0.0388957 -0.333037 0.945853

0.820961 -0.0411098 -0.569503 -1.17881
0 0.997405 -0.0719981 1.80156
0.570985 0.0591076 0.81883 0.0922657

-0.614188 -0.114415 0.780822 -1.31175
0 0.989434 0.144983 1.73551
-0.78916 0.0890466 -0.607698 0.808347

0.925789 -0.0271232 -0.377066 -0.894851
-3.21198e-18 0.997423 -0.0717469 1.79166
0.37804 0.0664225 0.923403 0.179757

-0.120634 0.0462644 0.991618 -1.69602
0 0.998913 -0.0466047 1.80256
-0.992697 -0.0056221 -0.120503 1.07983

0.631712 -0.059815 0.772892 -1.27499
4.38339e-18 0.997019 0.0771605 1.68362
-0.775203 -0.0487432 0.629829 0.552674

-0.0699693 -0.0972903 0.992793 -1.79667
9.71019e-19 0.995233 0.0975293 1.6546
-0.997549 0.00682406 -0.0696357 0.221863

0.0312859 -0.226489 0.973511 -0.96864
0 0.973988 0.2266 1.78708
-0.99951 -0.00708936 0.0304721 0.314712

0.709272 0.0637906 0.702043 -1.25726
-9.84313e-18 0.995897 -0.0904915 1.78344
-0.704935 0.0641831 0.706362 0.103005

-0.674404 0.0242779 -0.737963 -0.237669
2.33981e-18 0.999459 0.0328808 1.71661
0.738363 0.0221749 -0.674039 1.0932

-0.814373 -0.0619333 -0.577028 -1.19336
-1.13017e-17 0.994289 -0.106719 1.82364
0.580342 -0.0869087 -0.809722 0.854325

-0.219288 -0.0735747 0.972882 -1.06386
0 0.997153 0.0754102 1.68619
-0.97566 0.0165365 -0.218663 0.616467

-0.726541 0.0859261 0.681729 -0.674897
3.02484e-17 0.99215 -0.125052 1.84908
-0.687123 -0.0908554 -0.720838 1.09325

0.179015 0.0305642 -0.983372 -0.696644
-6.21082e-19 0.999517 0.031066 1.67373
0.983846 -0.00556127 0.178928 0.102223

-0.114798 0.0140013 0.99329 -1.66697
0 0.999901 -0.0140945 1.76508
-0.993389 -0.00161802 -0.114786 0.653277

-0.308993 0.0395427 0.950242 -0.691047
2.14407e-18 0.999135 -0.0415773 1.7686
-0.951064 -0.0128471 -0.308726 0.43494

0.97803 -0.0820846 0.191623 -0.337887
0 0.919214 0.393759 1.65341
-0.208464 -0.385108 0.899019 0.19419

0.369953 0.0338341 0.928434 -1.16552
-2.56706e-18 0.999337 -0.0364179 1.75765
-0.92905 0.0134729 0.369708 0.00641948

-0.895307 -0.0459767 0.443071 -0.635025
0 0.994659 0.103214 1.76297
-0.44545 0.0924084 -0.890525 1.21777

-0.962665 0.024239 0.269607 -1.87745
3.33992e-18 0.995983 -0.0895435 1.79704
-0.270695 -0.0862005 -0.958798 0.556281

0.0391043 0.0427855 -0.998319 0.0864569
-2.71341e-19 0.999083 0.0428183 1.68616
0.999235 -0.00167438 0.0390684 0.607725

0.474585 0.0643331 -0.877856 -0.240835
0 0.997325 0.0730883 1.73031
0.88021 -0.0346866 0.473315 0.179529

-0.732726 -0.0818232 0.675587 -1.17432
-1.01686e-17 0.992745 0.120236 1.74627
-0.680524 0.0880998 -0.72741 1.18891

-0.141225 -0.173268 0.974697 -1.38778
0 0.984565 0.175022 1.70775
-0.989977 0.0247176 -0.139046 0.244663

-0.275611 -0.0143807 -0.961162 -0.846466
0 0.999888 -0.0149601 1.70679
0.961269 -0.00412318 -0.27558 1.08544

-0.0466151 0.0515977 0.997579 -0.885166
9.70371e-19 0.998665 -0.0516538 1.82202
-0.998913 -0.00240785 -0.0465528 0.401575

0.997854 -0.000287367 -0.0654814 -1.4165
5.40938e-20 0.99999 -0.00438849 1.784
0.065482 0.00437907 0.997844 -0.122576

0.587405 -0.119452 0.800429 -1.40031
1.63038e-17 0.989047 0.1476 1.74682
-0.809293 -0.0867013 0.580972 0.217879

-0.306632 0.149832 0.939961 -1.32637
8.51075e-18 0.987532 -0.157415 1.84101
-0.951828 -0.0482686 -0.302809 0.290029

0.968681 0.0520336 0.242796 -0.335418
1.34431e-17 0.977798 -0.209551 1.75079
-0.248309 0.202988 0.947174 -0.0726165

0.693096 0.100004 -0.713875 -0.285201
-1.92373e-17 0.99033 0.138731 1.6854
0.720845 -0.0961541 0.686394 0.169785

0.675862 -0.0102351 -0.736957 0.112341
1.17243e-18 0.999904 -0.0138871 1.80255
0.737028 0.00938573 0.675797 -0.0337609

0.800851 0.153231 -0.578928 -0.846963
0 0.966711 0.255869 1.68032
0.598863 -0.204913 0.774192 -0.0994462

-0.99384 -0.0135054 -0.109998 -1.14378
-3.44808e-18 0.992547 -0.121864 1.8345
0.110824 -0.121113 -0.986433 1.12102

-0.952652 -0.0631121 0.29744 -0.872132
-1.98311e-17 0.978222 0.207564 1.65711
-0.304062 0.197736 -0.931905 0.844243

0.961846 0.00698984 0.273503 -1.23379
0 0.999674 -0.0255484 1.78061
-0.273592 0.0245736 0.961532 0.0102488

-0.965879 -0.0455341 0.254958 -1.82685
-6.70213e-18 0.984424 0.175812 1.71562
-0.258992 0.169814 -0.950835 0.93062

0.798576 -0.00579175 -0.601866 -0.807041
-6.92654e-19 0.999954 -0.00962254 1.79844
0.601894 0.00768433 0.798539 0.206797

0.0369021 -0.160314 0.986376 -1.75756
0 0.987048 0.160423 1.66745
-0.999319 -0.00591994 0.0364241 1.18952

-0.366547 0.133243 0.920809 -1.55303
2.03474e-17 0.989692 -0.14321 1.77268
-0.9304 -0.0524933 -0.362769 0.458023

0.691557 -0.0164655 0.722134 -1.34347
2.39932e-18 0.99974 0.0227952 1.80583
-0.722322 -0.0157642 0.691378 0.194433

0.699754 -0.0932316 -0.708274 -0.355145
-9.71104e-18 0.991447 -0.130506 1.84927
0.714384 0.0913223 0.693769 -0.0796437

-0.240125 0.520773 0.819228 -0.950242
0 0.84392 -0.536469 1.85031
-0.970742 -0.12882 -0.202647 0.232998

0.475675 -0.103168 -0.87355 0.0194552
1.32026e-17 0.993098 -0.117287 1.8229
0.879621 0.0557904 0.472392 0.287736

-0.0839255 0.0744719 -0.993685 0.069504
-1.1647e-18 0.997203 0.0747355 1.69065
0.996472 0.00627222 -0.0836908 0.819245

-0.879677 -0.0556166 0.472307 -0.190272
6.10399e-18 0.993138 0.116947 1.72423
-0.475571 0.102876 -0.873641 1.08168

0.770087 0.12203 0.626159 -0.9489
-2.13742e-17 0.981534 -0.191288 1.82797
-0.637939 0.147308 0.755866 0.839985

0.999831 -0.0021991 -0.0182605 -1.58555
4.33608e-19 0.992826 -0.119565 1.75443
0.0183924 0.119545 0.992658 0.338391

0.713766 0.0632987 -0.697518 -1.18081
0 0.995908 0.0903772 1.67294
0.700384 -0.0645082 0.710845 0.288686

-0.293414 -0.0967939 -0.951073 0.0446874
-4.07193e-18 0.994861 -0.10125 1.83005
0.955986 -0.0297082 -0.291906 1.06628

0.444793 -0.354919 -0.822309 -0.364816
2.4691e-17 0.918131 -0.396277 1.75041
0.895633 0.176261 0.408378 0.252332

0.991239 0.0153448 0.131189 -0.469848
0 0.993229 -0.116175 1.84271
-0.132084 0.115157 0.984527 0.117588

-0.871486 0.0361344 -0.489087 -0.910915
1.20943e-17 0.997282 0.0736805 1.80817
0.49042 0.0642116 -0.869117 0.532753

0.991064 -0.0129344 0.132757 -0.358278
0 0.995287 0.0969701 1.73085
-0.133385 -0.0961036 0.986394 -0.124281

0.563365 0.0784187 0.822478 -1.35914
-7.81826e-18 0.995485 -0.0949139 1.84758
-0.826208 0.0534711 0.560821 0.0287899

-0.65681 0.0895818 0.748716 -0.506291
1.82302e-17 0.992918 -0.1188 1.74918
-0.754056 -0.078029 -0.652159 1.29153

0.841839 0.00915473 0.539652 -0.880756
1.46036e-18 0.999856 -0.0169617 1.75395
-0.539729 0.014279 0.841717 0.23512

-0.248184 -0.108332 0.962636 -1.77481
-3.44424e-18 0.993727 0.111831 1.65751
-0.968713 0.0277546 -0.246627 0.930592

-0.0403114 0.000620398 -0.999187 -0.000509024
0 1 0.000620902 1.71721
0.999187 2.50295e-05 -0.0403114 0.378009

-0.360345 -0.0927593 0.928196 -1.87086
-1.00016e-17 0.995044 0.0994397 1.7164
-0.932819 0.0358326 -0.358559 0.972854

-0.581952 -0.0138348 -0.813105 -0.32333
-1.00953e-18 0.999855 -0.0170123 1.7173
0.813223 -0.00990035 -0.581868 0.763886

-0.871628 -0.0987212 0.480123 -1.87762
-3.62888e-17 0.979508 0.201403 1.6537
-0.490168 0.175548 -0.853767 0.679905

0.453605 -0.0364154 0.890458 -1.49533
6.29504e-18 0.999165 0.040861 1.65747
-0.891203 -0.0185348 0.453226 0.520863

-0.184565 -0.0683791 -0.980439 -0.434532
-2.56136e-18 0.997577 -0.0695744 1.70736
0.98282 -0.012841 -0.184118 0.897633

-0.807645 -0.0425272 0.588133 -1.12398
0 0.997396 0.0721205 1.70612
-0.589669 0.0582478 -0.805542 0.883611

-0.7856 0.00404148 0.618722 -1.61627
0 0.999979 -0.00653185 1.75299
-0.618735 -0.00513142 -0.785583 0.928526

0.998785 0.00631755 -0.0488793 -0.331668
-8.66308e-19 0.991751 0.128182 1.70419
0.0492858 -0.128026 0.990545 0.232655

0.379345 0.0792346 0.921856 -1.79066
-5.26447e-18 0.996327 -0.0856354 1.74549
-0.925255 0.0324853 0.377951 0.849855

-0.557882 -0.031156 -0.829335 -0.176499
-3.87108e-18 0.999295 -0.037541 1.71701
0.82992 -0.0209434 -0.557489 0.505575

-0.394415 0.615539 0.682311 -0.363162
6.56833e-17 0.742504 -0.669842 1.80936
-0.918932 -0.264196 -0.292855 0.622192

0.566747 0.0461829 0.822597 -1.77506
-3.93259e-18 0.998428 -0.0560546 1.84966
-0.823892 0.0317687 0.565856 0.0384296

0.157999 -0.205134 0.965897 -0.511688
4.38534e-18 0.978183 0.207744 1.74705
-0.987439 -0.0328232 0.154551 0.842443

0.838229 0.030814 -0.544447 -0.341241
0 0.998402 0.0565064 1.69169
0.545318 -0.0473653 0.83689 1.03533

-0.0570023 -0.0342129 0.997788 -1.59536
0 0.999413 0.0342687 1.71147
-0.998374 0.00195339 -0.0569688 0.990829

-0.995179 0.00872085 0.0976827 -0.865249
0 0.996038 -0.0889236 1.76928
-0.0980712 -0.088495 -0.991237 0.669401

0.963625 -0.00179516 -0.267251 -0.336579
6.26859e-19 0.999977 -0.00671698 1.81035
0.267257 0.00647265 0.963604 0.113865

-0.478677 -0.0212708 0.877733 -0.968289
-1.66074e-18 0.999706 0.0242266 1.81724
-0.877991 0.0115967 -0.478537 1.02188

-0.988062 0.0173475 -0.153077 -0.563663
0 0.99364 0.112604 1.69934
0.154057 0.11126 -0.981778 1.01455

0.249282 0.285121 0.925507 -0.406461
-1.3838e-17 0.955677 -0.294416 1.7966
-0.968431 0.0733927 0.238234 0.458736

0.871548 -0.0472546 0.488028 -0.333315
6.04758e-18 0.995345 0.0963771 1.65989
-0.49031 -0.0839973 0.867491 0.157603

-0.396581 -0.00160107 0.917998 -0.970473
-2.57984e-19 0.999998 0.00174408 1.69824
-0.918 0.000691671 -0.39658 0.904799

-0.484608 -0.745886 0.456957 -1.59937
0 0.522397 0.852703 1.70814
-0.874731 0.413227 -0.253158 0.00842382

-0.354836 -0.00967841 0.934879 -0.970391
0 0.999946 0.010352 1.78518
-0.934929 0.00367327 -0.354817 0.75209

0.639979 0.00657609 -0.768364 -0.401748
5.55093e-19 0.999963 0.00855825 1.73476
0.768392 -0.0054771 0.639956 0.406901

0.38815 0.0245805 -0.921268 0.0210054
-1.34667e-18 0.999644 0.0266717 1.80539
0.921596 -0.0103526 0.388012 0.581734

0.674776 0.0199061 0.737754 -0.70918
-2.3411e-18 0.999636 -0.0269722 1.845
-0.738022 0.0182002 0.674531 0.136635

0.96833 0.0182922 0.249004 -1.44631
0 0.997313 -0.0732641 1.82671
-0.249675 0.0709438 0.965727 0.294619

-0.34723 0.23319 0.908324 -0.720377
0 0.96859 -0.248662 1.80204
-0.93778 -0.086343 -0.336324 0.509282

-0.613305 -0.0763497 -0.786147 -0.492961
-8.51132e-18 0.995317 -0.096664 1.79739
0.789846 -0.0592845 -0.610433 0.781978

0.368647 0.108056 -0.923268 -0.0192394
0 0.993221 0.116243 1.70388
0.92957 -0.0428525 0.366147 0.680258

-0.0766802 -0.024346 -0.996758 -0.581285
-2.66038e-19 0.999702 -0.0244179 1.79826
0.997056 -0.00187237 -0.0766573 1.262

-0.730304 -0.0727315 -0.679239 -1.33936
0 0.994316 -0.106469 1.70574
0.683122 -0.077755 -0.726153 0.856557

0.768846 -0.122558 0.627579 -1.68294
0 0.98146 0.191666 1.72014
-0.639434 -0.147362 0.754591 0.58982

0.999955 -0.000250906 -0.00947727 -1.4839
1.08415e-19 0.99965 -0.0264652 1.85121
0.00948059 0.0264641 0.999605 0.28764

-0.404 -0.0259381 0.914391 -1.8588
-2.80331e-18 0.999598 0.0283551 1.69473
-0.914759 0.0114555 -0.403838 1.17265

0.716188 0.0172162 0.697695 -1.83139
2.48478e-18 0.999696 -0.0246683 1.84269
-0.697908 0.0176671 0.71597 0.0785045

0.565071 0.229112 -0.792592 -0.536394
-1.56839e-17 0.960669 0.277697 1.67321
0.825042 -0.156919 0.542846 0.677726

0.237874 -0.391935 0.888709 -0.871657
1.32047e-17 0.914972 0.403518 1.66627
-0.971296 -0.0959864 0.217648 0.606588

-0.973332 0.00939531 0.22921 -0.619947
0 0.999161 -0.0409557 1.81066
-0.229402 -0.0398635 -0.972515 0.787809

-0.766966 -0.0125804 0.641564 -1.42497
-1.33047e-18 0.999808 0.0196053 1.71533
-0.641687 0.0150366 -0.766819 1.21603

0.199768 0.0788401 0.976666 -1.4433
-2.77234e-18 0.996758 -0.0804619 1.81036
-0.979843 0.0160737 0.19912 0.904604

0.803924 0.0213049 0.59435 -1.75002
-2.78917e-18 0.999358 -0.0358227 1.72765
-0.594732 0.0287988 0.803408 0.331758

-0.944658 -0.0454824 -0.324889 0.0759575
-6.55488e-18 0.990343 -0.138642 1.77753
0.328057 -0.130969 -0.935535 0.83744

-0.687394 -0.0775769 -0.722129 -0.637428
-9.53951e-18 0.994279 -0.106813 1.82749
0.726284 -0.0734229 -0.683462 1.18887

-0.723059 0.08885 -0.685049 -0.913047
3.01034e-17 0.991694 0.128621 1.68756
0.690786 0.0930009 -0.717053 0.717732

-0.152845 -0.0860852 0.984494 -1.86243
0 0.996199 0.0871087 1.66967
-0.98825 0.0133141 -0.152264 1.28242

0.308381 -0.0135212 -0.951167 -0.406324
5.34956e-19 0.999899 -0.0142139 1.69451
0.951263 0.0043833 0.30835 0.190178

-0.655307 -0.102331 0.748399 -1.79867
0 0.990781 0.135473 1.72913
-0.755363 0.0887764 -0.649265 0.213173

0.149185 -0.404169 0.902436 -0.263574
-8.28145e-18 0.91265 0.408743 1.72691
-0.988809 -0.0609785 0.136154 0.248429

-0.538266 0.0109275 0.842704 -1.53474
0 0.999916 -0.0129661 1.74209
-0.842775 -0.00697923 -0.538221 0.660158

0.953075 0.0260509 0.301611 -0.950125
3.30664e-18 0.996291 -0.086052 1.82708
-0.302734 0.082014 0.94954 0.391053

-0.206861 -0.122329 -0.970693 -1.15712
-2.87077e-18 0.992152 -0.125034 1.83582
0.97837 -0.0258646 -0.205238 0.162237

-0.846849 -0.0274586 0.531124 -1.66523
-5.8762e-18 0.998666 0.0516301 1.72286
-0.531833 0.0437229 -0.84572 1.2055

0.795981 -0.0881417 0.598871 -0.77655
1.10465e-17 0.989342 0.145611 1.74786
-0.605322 -0.115904 0.787497 0.441829

-0.85773 -0.0102468 0.513999 -1.47177
-1.48792e-18 0.999801 0.0199315 1.75512
-0.514101 0.0170959 -0.857559 1.21815

-0.922118 -0.00443908 -0.386883 -0.490646
-7.9981e-19 0.999934 -0.0114732 1.78216
0.386909 -0.0105796 -0.922057 1.24887

-0.983 0.00829017 -0.183419 -1.08109
0 0.99898 0.0451519 1.67693
0.183606 0.0443843 -0.981997 1.16075

0.0405641 0.0447165 -0.998176 -0.989203
0 0.998998 0.0447534 1.77451
0.999177 -0.00181538 0.0405235 0.591634

-0.549312 0.123585 -0.826428 -1.09559
7.62323e-18 0.989003 0.147897 1.70757
0.835617 0.0812415 -0.543271 1.28245

-0.739134 -0.0158859 -0.673371 -0.65282
0 0.999722 -0.0235851 1.70655
0.673558 -0.0174325 -0.738929 1.08412

0.69551 -0.0304087 0.717873 -1.52023
-7.2391e-18 0.999104 0.0423216 1.77738
-0.718517 -0.0294351 0.694887 -0.00854014

-0.00381029 0.0166174 -0.999855 -0.192842
2.64392e-20 0.999862 0.0166176 1.83606
0.999993 6.33176e-05 -0.00380976 1.0269

0.978106 0.00801746 -0.207955 -1.28875
0 0.999258 0.0385252 1.81939
0.208109 -0.0376818 0.977379 -0.073177

0.972372 -0.126088 0.196454 -1.00865
2.69888e-17 0.841575 0.54014 1.73302
-0.233436 -0.525218 0.818324 0.310008

0.446833 -0.0121436 0.894535 -1.10219
0 0.999908 0.013574 1.7696
-0.894617 -0.00606533 0.446792 -0.0755062

0.00302049 -0.0765537 -0.997061 -0.134779
0 0.997065 -0.0765541 1.84903
0.999995 0.000231231 0.00301163 -0.0557856

-0.385443 -0.040564 0.92184 -1.766
0 0.999033 0.0439608 1.76789
-0.922732 0.0169444 -0.38507 1.11431

0.588754 -0.00365377 -0.808304 -0.317262
0 0.99999 -0.00452025 1.78153
0.808313 0.00266131 0.588747 -0.0450242

0.368502 0.0395032 -0.928787 0.00515413
-2.557e-18 0.999097 0.0424936 1.68094
0.929627 -0.015659 0.368169 0.173777

0.754392 -0.0379145 -0.655329 -0.437441
-5.23464e-18 0.998331 -0.057759 1.73138
0.656425 0.0435729 0.753132 0.250927

0.141887 0.00244481 -0.98988 -0.42478
0 0.999997 0.0024698 1.79057
0.989883 -0.000350432 0.141886 0.768926

-0.837908 -0.136154 -0.528557 -0.345562
-2.32566e-17 0.968387 -0.249452 1.7851
0.545811 -0.209018 -0.811419 0.822769

0.887529 -0.0271264 -0.459953 -0.44665
9.2377e-18 0.998265 -0.0588741 1.79313
0.460753 0.0522525 0.885989 -0.0761753

0.133242 0.00974165 0.991036 -1.80746
0 0.999952 -0.00982929 1.70907
-0.991084 0.00130967 0.133235 0.324307

0.0612465 -0.0140493 -0.998024 -0.588382
1.06246e-19 0.999901 -0.0140757 1.67662
0.998123 0.000862089 0.0612404 0.351919

-0.723298 -0.0447143 -0.689087 -0.926488
1.00378e-17 0.997901 -0.064753 1.76241
0.690536 -0.0468357 -0.72178 0.967927

-0.531003 -0.0589895 -0.845314 -0.0532851
-3.68458e-18 0.997574 -0.0696148 1.82939
0.84737 -0.0369657 -0.529715 1.11523

-0.791308 0.0156232 0.611218 -1.71754
0 0.999673 -0.0255524 1.85335
-0.611418 -0.0202198 -0.791049 1.21529

0.302573 -0.165537 0.938641 -0.77816
8.39808e-18 0.984802 0.173678 1.65909
-0.953126 -0.0525503 0.297974 0.0960158

-0.144676 -0.00997561 0.989429 -1.21511
-2.50973e-19 0.999949 0.0100817 1.73506
-0.989479 0.00145858 -0.144669 1.08909

0.140689 -0.0801267 -0.986806 -0.16461
0 0.99672 -0.0809317 1.81998
0.990054 0.0113862 0.140227 0.565138

-0.9707 0.010637 -0.240058 -0.734785
1.6839e-18 0.99902 0.0442667 1.67865
0.240294 0.0429697 -0.969749 1.25556

-0.234862 0.0399098 -0.971209 0.109683
0 0.999157 0.0410583 1.77115
0.972029 0.00964302 -0.234664 1.07078

0.664888 0.068138 0.743828 -1.84794
0 0.995831 -0.0912226 1.75545
-0.746943 0.0606528 0.662116 0.174748

0.858692 -0.0616279 0.508773 -1.04578
5.95837e-18 0.992743 0.120251 1.75271
-0.512492 -0.103259 0.852461 -0.125041

-0.239446 0.0870134 0.967003 -0.714878
3.32299e-18 0.995976 -0.0896205 1.78995
-0.97091 -0.0214593 -0.238483 0.242678

0.208015 0.0497562 0.976859 -1.88537
-1.44339e-18 0.998705 -0.0508689 1.76853
-0.978126 0.0105815 0.207746 0.272624

0.652853 -0.0511053 0.755759 -1.61928
4.53008e-18 0.997722 0.0674671 1.77304
-0.757485 -0.0440461 0.651365 0.230444

-0.984004 0.00569607 0.178054 -1.39275
8.53488e-19 0.999489 -0.0319743 1.82
-0.178145 -0.0314629 -0.983501 0.352779

0.0777241 -0.0962322 0.99232 -1.0105
1.07864e-18 0.995331 0.0965242 1.77653
-0.996975 -0.00750226 0.0773612 0.715572

0.795657 0.158387 -0.584674 -1.32852
2.20839e-17 0.965211 0.261474 1.75459
0.605748 -0.208043 0.767976 0.706552

0.266714 -0.0168844 0.963628 -1.63174
0 0.999847 0.017519 1.77807
-0.963776 -0.00467256 0.266673 0.915537

-0.156875 -0.100329 0.982509 -1.40162
0 0.994827 0.101587 1.69145
-0.987618 0.0159364 -0.156064 0.714069

-0.542987 0.0791898 0.835999 -1.33872
7.53546e-18 0.995544 -0.0943026 1.80311
-0.839741 -0.0512052 -0.540568 0.725096

-0.955881 -0.00676906 -0.293675 -1.58472
0 0.999734 -0.0230434 1.82617
0.293753 -0.0220267 -0.955628 1.2653

0.0392455 0.183721 -0.982195 -1.08878
-1.08928e-18 0.982952 0.183863 1.7805
0.99923 -0.0072158 0.0385764 0.159691

0.732419 -0.0714766 -0.677092 -0.519502
2.03287e-17 0.994474 -0.104981 1.81817
0.680855 0.0768898 0.728371 -0.0785137

-0.717919 0.00930722 0.696065 -1.46776
1.24539e-18 0.999911 -0.01337 1.73777
-0.696127 -0.00959858 -0.717854 0.0460435

-0.0828775 -0.0560732 -0.994981 -0.149244
0 0.998416 -0.0562667 1.82679
0.99656 -0.00466325 -0.0827462 0.598046

0.719258 0.0912527 -0.688724 -0.485071
1.99634e-17 0.991336 0.131347 1.75421
0.694743 -0.0944728 0.713027 0.484795

0.17406 0.0105563 0.984678 -1.88327
0 0.999943 -0.01072 1.80034
-0.984735 0.00186592 0.17405 0.926034

-0.524651 0.0637824 -0.848924 -0.149459
7.281e-18 0.997189 0.074922 1.71101
0.851317 0.0393079 -0.523177 0.896678

0.405941 -0.00204477 0.913897 -1.42917
1.76049e-19 0.999997 0.00223741 1.78123
-0.913899 -0.000908258 0.40594 0.340595

-0.161985 0.0716585 -0.984188 -0.539523
0 0.99736 0.0726175 1.68954
0.986793 0.0117629 -0.161557 1.02256

0.738952 0.0117879 -0.673655 0.116952
0 0.999847 0.0174957 1.72704
0.673758 -0.0129285 0.738839 -0.0685925

-0.246803 0.00620009 -0.969046 0.0743895
2.14068e-19 0.99998 0.00639801 1.78258
0.969066 0.00157905 -0.246798 0.874558

0.927188 0.023464 -0.37386 -0.585833
-6.43366e-18 0.998036 0.0626382 1.81508
0.374595 -0.0580774 0.925368 0.20779

0.921045 -0.0344394 0.38793 -1.33549
1.27821e-17 0.996082 0.0884297 1.74458
-0.389456 -0.0814477 0.917437 0.0396215

0.945591 0.011366 0.325159 -0.507317
-1.64034e-18 0.99939 -0.0349339 1.8539
-0.325358 0.0330332 0.945014 0.331268

-0.804662 0.0906187 -0.586777 -0.743994
-1.11669e-17 0.988284 0.152625 1.71385
0.593733 0.122812 -0.795235 1.04442

-0.98256 0.0027346 0.185923 -0.388413
8.52235e-19 0.999892 -0.0147067 1.73866
-0.185943 -0.0144502 -0.982454 0.571046

0.703905 -0.0100885 -0.710222 -0.336312
0 0.999899 -0.0142032 1.79383
0.710294 0.00999773 0.703834 -0.0349515

0.613823 -0.0303083 0.788862 -1.70401
2.12963e-18 0.999263 0.0383919 1.73815
-0.789444 -0.0235658 0.61337 0.243329

-0.159974 0.00280318 0.987117 -1.19839
6.93776e-20 0.999996 -0.00283975 1.72459
-0.987121 -0.000454286 -0.159973 1.05242

0.81503 -0.0561217 0.576694 -1.61431
1.69662e-17 0.995298 0.0968588 1.65504
-0.579418 -0.0789429 0.811198 0.334396

-0.317604 -0.0491474 -0.946949 -0.264452
-2.20382e-18 0.998656 -0.0518311 1.77991
0.948223 -0.0164617 -0.317177 0.525596

-0.932357 -0.0213559 -0.360909 -1.16243
-3.23476e-18 0.998254 -0.0590692 1.70688
0.36154 -0.0550735 -0.930729 1.02493

0.386596 0.0263363 0.921873 -1.88592
1.34128e-18 0.999592 -0.0285566 1.79585
-0.922249 0.0110399 0.386439 0.511075

0.924319 -0.0464573 -0.378784 0.100864
0 0.992562 -0.121737 1.84226
0.381622 0.112523 0.917444 0.0513915

-0.552937 0.0319889 0.832609 -1.83526
0 0.999263 -0.0383918 1.68463
-0.833223 -0.0212283 -0.55253 0.902189

-0.827914 -0.00553122 -0.560828 -0.111104
-1.4362e-18 0.999951 -0.00986212 1.76831
0.560855 -0.00816499 -0.827874 0.956088

-0.143326 0.12003 -0.98237 -0.606835
0 0.992618 0.121282 1.70756
0.989676 0.0173828 -0.142268 0.116758

-0.892228 -0.0064542 -0.451538 -1.37838
-1.54777e-18 0.999898 -0.0142923 1.85207
0.451585 -0.012752 -0.892137 0.752113

-0.769955 0.076573 -0.633487 0.0170344
1.06853e-17 0.992774 0.120002 1.70108
0.638098 0.0923961 -0.764391 1.22953

0.610191 -0.0270049 0.791794 -0.590135
4.23405e-18 0.999419 0.0340861 1.78621
-0.792254 -0.0207991 0.609837 -0.115572

0.291803 0.00641293 0.956457 -1.29219
-5.06197e-19 0.999978 -0.00670473 1.83758
-0.956478 0.00195646 0.291796 0.454627

0.0197226 -0.0718292 -0.997222 -0.0543679
-2.73705e-19 0.997416 -0.0718432 1.81416
0.999805 0.00141693 0.0196716 1.24536

0.994321 0.00178475 -0.106407 -1.36477
0 0.999859 0.0167705 1.68745
0.106422 -0.0166752 0.994181 0.110498

0.401066 0.078341 -0.912693 -0.500887
-5.56592e-18 0.996336 0.0855205 1.73354
0.916049 -0.0342994 0.399597 -0.14428

-0.207784 -0.177789 0.961882 -1.26827
-5.76717e-18 0.983344 0.181756 1.71902
-0.978175 0.037766 -0.204323 0.510697

0.0935685 -0.00220857 0.99561 -1.17669
0 0.999998 0.00221831 1.70507
-0.995613 -0.000207564 0.0935683 0.758397

-0.0453961 0.00293781 -0.998965 0.0172919
1.96874e-20 0.999996 0.00294084 1.8004
0.998969 0.000133503 -0.0453959 0.8907

-0.371119 0.00217792 0.928583 -0.426264
1.60947e-19 0.999997 -0.00234542 1.83598
-0.928585 -0.000870431 -0.371118 0.178982

-0.897691 0.0100952 0.440509 -0.489938
-1.55725e-18 0.999738 -0.0229111 1.69493
-0.440625 -0.0205671 -0.897456 1.08015

0.434259 -0.0258999 -0.900416 -0.995842
3.01328e-18 0.999587 -0.0287525 1.82797
0.900788 0.012486 0.434079 0.0342137

-0.105974 -0.0872339 0.990535 -1.63686
-1.47068e-18 0.996144 0.0877279 1.66749
-0.994369 0.00929688 -0.105565 0.945025

0.502522 -0.0665131 0.862002 -1.76269
1.39478e-17 0.997036 0.0769325 1.6998
-0.864564 -0.0386603 0.501033 0.488913

0.200804 -0.15788 -0.966826 -0.909342
-5.57344e-18 0.986928 -0.161162 1.84083
0.979631 0.0323621 0.19818 -0.0570842

0.163621 -0.209697 0.963979 -0.925242
-4.54141e-18 0.977148 0.212562 1.66706
-0.986523 -0.0347797 0.159882 1.09285

0.152047 0.111453 -0.982069 -0.0592108
2.11007e-18 0.993622 0.112765 1.66762
0.988373 -0.0171455 0.151077 -0.0442827

-0.707736 0.225576 0.669497 -1.70691
0 0.947655 -0.319297 1.79174
-0.706477 -0.225977 -0.670689 0.711133

0.382674 -0.0135322 -0.923785 -0.132224
0 0.999893 -0.0146471 1.68032
0.923884 0.00560505 0.382632 0.513718

0.356069 -0.0236878 0.934159 -1.78495
-2.47072e-18 0.999679 0.0253491 1.80326
-0.93446 -0.00902605 0.355955 0.340374

-0.0890371 0.051835 0.994679 -1.6085
6.17819e-19 0.998645 -0.0520417 1.76771
-0.996028 -0.00463364 -0.0889164 0.588142

0.84343 0.0527043 0.534648 -1.62308
-5.85247e-18 0.995176 -0.0981021 1.79906
-0.537239 0.0827422 0.839362 0.121284

0.604993 0.0486241 -0.794745 -1.05442
-4.19798e-18 0.998134 0.0610678 1.65239
0.796231 -0.0369456 0.603864 0.506338

0.67406 0.104511 -0.731246 -0.792635
-9.35447e-18 0.989941 0.141484 1.7036
0.738676 -0.0953686 0.66728 0.471108

0.86182 0.0745257 0.501709 -1.36573
1.19602e-17 0.989147 -0.146931 1.78514
-0.507214 0.126628 0.852466 0.531957

-0.872765 -0.049248 -0.48565 -0.240581
-6.05602e-18 0.994898 -0.100889 1.8168
0.488141 -0.0880523 -0.868312 1.05525

0.961042 0.00990674 0.276226 -0.253419
-1.66714e-18 0.999357 -0.0358415 1.8012
-0.276404 0.0344452 0.960424 0.105138

-0.109963 -0.0491107 0.992722 -1.22341
0 0.998779 0.0494104 1.69365
-0.993936 0.00543332 -0.109829 0.862431

-0.476797 -0.0894426 -0.874451 -0.0165099
0 0.99481 -0.101753 1.85085
0.879013 -0.0485157 -0.474322 1.19571

0.166467 -0.0474798 -0.984903 -0.0893755
2.3102e-18 0.99884 -0.0481517 1.83296
0.986047 0.00801569 0.166274 0.13221

0.480764 -0.0899938 -0.872219 -0.801813
6.67195e-18 0.994719 -0.102633 1.84967
0.87685 0.0493423 0.478226 0.428941

0.295842 -0.0711411 -0.952584 -0.535908
-4.10564e-18 0.997223 -0.0744748 1.80782
0.955237 0.0220328 0.295021 0.932254

-0.453717 -0.00119061 -0.891145 -1.23247
-1.96769e-19 0.999999 -0.00133604 1.76102
0.891146 -0.000606185 -0.453717 0.446576

-0.498092 0.151743 0.853744 -1.5146
1.38248e-17 0.984569 -0.174996 1.74849
-0.867124 -0.087164 -0.490406 0.604767

-0.607641 -0.0466253 -0.792842 -0.73079
-4.21635e-18 0.998275 -0.0587064 1.77151
0.794212 -0.0356724 -0.606593 1.24372

-0.820285 0.000488475 -0.571955 -0.219975
0 1 0.000854044 1.81364
0.571955 0.00070056 -0.820285 1.08708

-0.989777 -0.000867791 -0.142623 -0.674988
2.14624e-19 0.999981 -0.00608441 1.73425
0.142625 -0.00602221 -0.989758 1.20018

-0.885879 0.209633 -0.413851 -1.26162
2.45881e-17 0.892081 0.451876 1.6981
0.463916 0.400307 -0.790276 0.997696

0.269252 0.0432563 0.962098 -1.72926
-1.86831e-18 0.998991 -0.0449151 1.85022
-0.96307 0.0120935 0.26898 0.0621068

0.899648 -0.029122 -0.435644 0.045764
3.12128e-18 0.997773 -0.0666993 1.83623
0.436616 0.0600059 0.897644 0.123437

-0.809621 -0.0262404 -0.586365 -1.2294
2.80894e-18 0.999 -0.0447062 1.72611
0.586952 -0.0361951 -0.808812 1.0381

-0.665908 0.00713131 0.746 -1.24862
5.77583e-19 0.999954 -0.00955895 1.80185
-0.746034 -0.00636538 -0.665877 0.99905

-0.220449 -0.101142 -0.970141 -0.125341
-9.17802e-18 0.994609 -0.103693 1.83943
0.975399 -0.022859 -0.21926 1.23834

0.240918 0.00306336 -0.970541 -0.401714
0 0.999995 0.00315633 1.79239
0.970545 -0.000760418 0.240917 0.716304

0.803754 0.0454416 0.593224 -1.47326
-5.57716e-18 0.997079 -0.0763772 1.76597
-0.594962 0.0613885 0.801406 -0.0051444

0.0357489 -0.0758203 -0.99648 0.0944442
0 0.997118 -0.0758688 1.80771
0.999361 0.00271223 0.0356459 0.658109

0.402803 -0.0783895 0.911924 -0.758397
5.59002e-18 0.996326 0.0856447 1.65299
-0.915287 -0.0344979 0.401323 0.72393

0.376627 -0.00176397 -0.926364 0.060944
0 0.999998 -0.00190418 1.83453
0.926365 0.000717166 0.376626 0.686396

0.754492 -0.0889582 -0.650252 -0.679058
0 0.990771 -0.135543 1.83307
0.656309 0.102266 0.747529 -0.112436

-0.816935 -0.191015 0.544179 -1.63419
-2.26745e-17 0.943559 0.331204 1.66077
-0.57673 0.270572 -0.770826 0.362907

-0.966481 -0.022833 -0.25572 -1.00335
3.35316e-18 0.996037 -0.0889355 1.76865
0.256737 -0.0859545 -0.962651 0.842022

0.0841713 0.141681 -0.986327 -0.292416
4.67245e-18 0.98984 0.142185 1.65359
0.996451 -0.0119679 0.0833161 0.640345

0.919389 0.0766111 -0.385818 -0.701304
-1.27591e-17 0.98085 0.194765 1.6692
0.393351 -0.179065 0.901782 0.428294

-0.303111 0.101562 0.947528 -1.20416
4.20651e-18 0.994305 -0.106576 1.84962
-0.952955 -0.0323044 -0.301385 0.272651

0.753135 0.0755645 -0.653512 -0.434446
0 0.993381 0.114863 1.70032
0.657866 -0.0865074 0.74815 0.0125576

-0.296571 -0.114313 -0.948145 -0.0577693
-4.11575e-18 0.99281 -0.119698 1.84023
0.955011 -0.035499 -0.294439 0.957846

0.516839 -0.28118 -0.808588 -0.657562
2.86903e-17 0.944521 -0.32845 1.82544
0.856082 0.169756 0.488166 0.356641

-0.121801 0.0822691 0.989139 -1.43774
1.69033e-18 0.996559 -0.0828863 1.83639
-0.992555 -0.0100956 -0.121382 0.471537

0.904995 0.0571208 -0.42157 0.0710226
-1.8839e-17 0.990945 0.134269 1.71427
0.425422 -0.121512 0.8968 -0.146002

-0.76108 0.0311528 -0.64791 0.0173503
5.28105e-18 0.998846 0.0480265 1.65616
0.648658 0.036552 -0.760202 0.561198

-0.634269 0.00195713 -0.77311 -0.331134
2.7507e-19 0.999997 0.0025315 1.79158
0.773112 0.00160565 -0.634267 1.12709

0.694596 -0.0455785 0.717954 -1.27204
9.63946e-18 0.997991 0.0633563 1.65275
-0.7194 -0.0440071 0.693201 0.00592922

0.227063 0.0743955 -0.971034 -0.760746
-6.30225e-18 0.997078 0.0763908 1.71134
0.97388 -0.0173455 0.226399 0.78977

-0.29072 -0.230459 -0.928639 -0.325772
0 0.970559 -0.240862 1.75165
0.956808 -0.0700234 -0.282161 0.665338

0.0948793 0.263637 -0.959945 -0.521136
-5.26686e-18 0.964295 0.264831 1.69688
0.995489 -0.025127 0.0914916 0.84862

0.847451 0.0311274 -0.52996 -0.211899
-5.88037e-18 0.99828 0.0586343 1.67391
0.530873 -0.0496897 0.845993 0.0793839

-0.0667261 0.0981299 -0.992934 0.0644953
1.85202e-18 0.995152 0.0983491 1.74863
0.997771 0.00656245 -0.0664026 0.76613

-0.455775 -0.180454 -0.871611 -1.24408
0 0.979234 -0.202735 1.83876
0.890095 -0.0924016 -0.44631 0.809061

0.851457 -0.165327 0.497682 -1.2209
2.36327e-17 0.949007 0.315255 1.68945
-0.524424 -0.268427 0.808039 0.599805

0.247387 0.213751 -0.945045 -1.25175
-6.86637e-18 0.975363 0.220608 1.70301
0.968917 -0.0545755 0.241292 1.14949

0.427043 0.00702549 0.904204 -1.39282
-1.1112e-18 0.99997 -0.00776957 1.73278
-0.904232 0.00331794 0.42703 0.202188

0.933014 0.07658 -0.351598 -1.20496
1.29482e-17 0.977092 0.212816 1.65705
0.359841 -0.19856 0.91164 0.111686

0.938328 0.0602469 0.340457 -1.08465
0 0.984701 -0.174252 1.82377
-0.345747 0.163505 0.923973 0.0195213

0.286047 -0.180312 -0.941098 -0.098824
7.9394e-18 0.982136 -0.188175 1.84306
0.958216 0.0538268 0.280937 0.250018

0.801227 -0.0938415 -0.590956 -0.243472
2.22385e-17 0.987625 -0.156831 1.78451
0.598361 0.125657 0.791312 0.0430586

-0.392486 -0.0290404 0.919299 -1.89064
1.36171e-18 0.999501 0.031574 1.70713
-0.919758 0.0123924 -0.392291 0.925202

0.0060377 0.0292687 -0.999553 0.0440549
0 0.999572 0.0292692 1.79927
0.999982 -0.000176719 0.00603512 1.15687

-0.194637 0.0205635 -0.98066 -0.608261
6.75283e-19 0.99978 0.0209644 1.73533
0.980875 0.00408046 -0.194594 0.751747

-0.434739 -0.00869075 -0.900514 0.104797
-7.54152e-19 0.999953 -0.00965042 1.85093
0.900556 -0.00419542 -0.434719 0.690183

0.999727 0.00493505 0.0228514 -1.11688
8.67125e-19 0.977465 -0.211096 1.82476
-0.0233782 0.211038 0.977198 0.518271

-0.976822 0.018623 -0.213241 -0.714837
6.77806e-18 0.996208 0.087002 1.72683
0.214053 0.0849855 -0.973118 1.10827

-0.749365 0.00924234 0.662093 -1.151
2.59988e-18 0.999903 -0.0139579 1.69056
-0.662158 -0.0104596 -0.749292 1.01923

-0.760808 0.00162093 -0.648974 0.12943
8.2487e-19 0.999997 0.00249766 1.73086
0.648976 0.00190024 -0.760806 1.19051

-0.998641 0.00389848 -0.0519765 0.00270617
-1.29927e-18 0.997199 0.0747944 1.75687
0.0521225 0.0746928 -0.995843 1.06748

0.994865 0.00943974 0.100769 -1.54888
-3.45163e-18 0.995641 -0.0932685 1.75127
-0.10121 0.0927896 0.990528 0.226685

-0.338926 0.00395459 0.940805 -1.88309
2.93971e-19 0.999991 -0.00420337 1.73595
-0.940813 -0.00142463 -0.338923 0.864164

0.788903 0.0515529 -0.612351 -0.918102
-5.47411e-18 0.996475 0.0838917 1.67269
0.614518 -0.0661824 0.786122 0.0802984

-0.338292 -0.0290611 -0.940592 -0.355859
-3.52106e-18 0.999523 -0.0308818 1.72228
0.941041 -0.0104471 -0.338131 0.675785

-0.643049 -0.0828731 0.761328 -1.58091
-1.78482e-17 0.994128 0.108214 1.688
-0.765825 0.0695869 -0.639272 0.462658

-0.448983 0.008683 -0.893498 -0.342462
0 0.999953 0.00971752 1.70018
0.893541 0.004363 -0.448961 0.747108

0.0636105 -0.065337 0.995834 -1.48453
0 0.997855 0.0654696 1.7212
-0.997975 -0.00416456 0.0634741 -0.151283

0.184482 0.20486 -0.961249 -0.0820478
-1.02408e-17 0.978036 0.208438 1.67332
0.982836 -0.038453 0.18043 0.075383

0.999752 0.000587825 0.0222663 -0.0689358
0 0.999652 -0.0263905 1.73799
-0.0222741 0.026384 0.999404 -0.0579419

0.0614953 0.0658472 -0.995933 -0.854349
0 0.997821 0.0659721 1.75299
0.998107 -0.00405697 0.0613613 1.14969

-0.996907 0.00593617 -0.0783649 -0.467744
1.72936e-18 0.997143 0.075534 1.75635
0.0785894 0.0753004 -0.994059 1.18213

0.0437254 0.00713433 -0.999018 -1.00892
-1.13777e-19 0.999975 0.00714116 1.80555
0.999044 -0.00031225 0.0437243 0.921453

-0.670829 0.195902 -0.71527 -0.241565
1.86192e-17 0.96448 0.264157 1.70094
0.741612 0.177204 -0.647001 0.763654

-0.638744 -0.0502989 0.767774 -1.52383
0 0.997861 0.0653725 1.71571
-0.76942 0.0417563 -0.637377 0.980686

-0.75436 -0.0703319 -0.652682 -0.683207
0 0.994244 -0.107138 1.77373
0.656461 -0.0808207 -0.750018 1.28054

-0.51284 -0.0409239 0.857508 -1.86839
0 0.998863 0.0476699 1.68335
-0.858484 0.024447 -0.512257 0.76631

0.095988 0.0377862 -0.994665 -0.561042
0 0.999279 0.0379615 1.6907
0.995382 -0.00364385 0.0959189 1.08256

-0.500734 0.0224061 0.865311 -1.5503
0 0.999665 -0.025885 1.76567
-0.865601 -0.0129615 -0.500566 0.700255

0.910985 -0.221582 -0.347863 -0.257943
0 0.843426 -0.537245 1.798
0.41244 0.489422 0.768348 0.397728

0.725377 0.0682327 0.684962 -0.884907
0 0.995075 -0.0991247 1.81224
-0.688352 0.0719028 0.721805 -0.0467187

-0.597591 0.0361479 -0.800986 -0.698235
0 0.998983 0.0450833 1.74579
0.801801 0.0269414 -0.596984 0.744451

-0.671071 -0.0158878 -0.741223 -0.244954
-2.32825e-18 0.99977 -0.0214297 1.68485
0.741393 -0.0143808 -0.670917 0.852691

-0.152629 -0.244727 -0.957504 -0.00778854
-8.47261e-18 0.968855 -0.247628 1.78876
0.988284 -0.0377953 -0.147875 0.246243

0.23594 0.0583569 -0.970014 -0.519967
-1.63716e-18 0.998195 0.0600523 1.65792
0.971768 -0.0141687 0.235514 0.144753

-0.793556 0.0580512 -0.605722 -0.0834029
1.10128e-17 0.995439 0.095401 1.72977
0.608497 0.075706 -0.789937 1.01612

0.210899 0.495694 -0.842502 -0.973206
0 0.861887 0.5071 1.76216
0.977508 -0.106947 0.181771 0.0501985

-0.536487 0.0197496 0.843678 -1.8794
1.86131e-18 0.999726 -0.0234025 1.73992
-0.843909 -0.0125552 -0.53634 1.24434

-0.124626 0.018195 0.992037 -1.53482
1.29715e-18 0.999832 -0.018338 1.85181
-0.992204 -0.0022854 -0.124605 0.404144

0.773035 -0.157989 -0.614375 -1.67367
4.29121e-17 0.96849 -0.249052 1.72108
0.634363 0.192526 0.748677 0.517139

0.0427007 0.335194 -0.941181 -0.792626
-2.37036e-18 0.94204 0.3355 1.70227
0.999088 -0.0143261 0.0402258 -0.0973409

0.739534 -0.188108 0.646301 -1.12285
8.21047e-17 0.960158 0.279457 1.742
-0.67312 -0.206668 0.710069 0.44669

-0.200891 0.00595864 0.979596 -1.732
0 0.999982 -0.00608264 1.76084
-0.979614 -0.00122195 -0.200887 0.708764

0.61312 -0.109258 0.782398 -0.606184
8.50875e-18 0.99039 0.138303 1.7303
-0.78999 -0.0847961 0.607228 0.754924

-0.945398 -0.0443838 -0.322881 -0.11638
-1.96801e-17 0.990684 -0.136181 1.82026
0.325917 -0.128745 -0.936591 1.11907

0.572742 -0.122568 -0.810521 -0.353662
0 0.988759 -0.149521 1.78245
0.819736 0.085637 0.566303 0.350826

-0.0720577 -0.0484128 0.996225 -1.78225
-1e-18 0.998821 0.048539 1.68736
-0.9974 0.00349761 -0.0719727 0.797556

0.357195 -0.0815316 0.930465 -1.7328
0 0.996183 0.0872902 1.65323
-0.93403 -0.0311796 0.355832 0.210071

0.408741 -0.0139978 0.912543 -1.67199
7.09052e-19 0.999882 0.0153375 1.72657
-0.91265 -0.00626906 0.408693 0.585615

-0.0415052 0.461159 0.886346 -1.36342
2.304e-18 0.887111 -0.461557 1.79888
-0.999138 -0.019157 -0.0368198 0.72589

-0.522803 0.0388337 -0.851568 -1.12735
3.62768e-18 0.998962 0.0455552 1.65495
0.852453 0.0238164 -0.52226 0.390477

-0.450463 0.223729 -0.864308 -0.474431
0 0.968092 0.250594 1.66976
0.892795 0.112883 -0.43609 1.20228

0.146831 -0.00169884 -0.98916 -0.965402
-3.18388e-20 0.999999 -0.00171745 1.74812
0.989162 0.000252175 0.146831 0.763819

-0.129433 0.0259372 0.991249 -1.774
0 0.999658 -0.0261572 1.77538
-0.991588 -0.0033856 -0.129388 0.193437

-0.973088 0.0226473 0.22932 -1.05155
